2.64575
STATISTICS _____________________________
   #Instructions:1611
    (move-ops mem:705, reglit:304)
    ( int-ops mem:100, reglit:201)
    (  fp-ops mem:101, reglit:200)
   Memory Usage (mem:906,reg:1909)
      register-use[2,2,2,2,101,300,300,200,300,200,200,300,0,0,0,0,0,0,0,0,0,0,0,0,0,0,0,0,0,0,0,0,0,0,0,0,0,0,0,0,0,0,0,0,0,0,0,0,0,0,0,0,0,0,0,0,0,0,0,0,0,0,0,0,0,0,0,0,0,0,0,0,0,0,0,0,0,0,0,0,0,0,0,0,0,0,0,0,0,0,0,0,0,0,0,0,0,0,0,0,0,0,0,0,0,0,0,0,0,0,0,0,0,0,0,0,0,0,0,0,0,0,0,0,0,0,0,0,0,0,0,0,0,0,0,0,0,0,0,0,0,0,0,0,0,0,0,0,0,0,0,0,0,0,0,0,0,0,0,0,0,0,0,0,0,0,0,0,0,0,0,0,0,0,0,0,0,0,0,0,0,0,0,0,0,0,0,0,0,0,0,0,0,0,0,0,0,0,0,0]
   Total Cycles = 5015
OTHER STATSvvvvvvvvvvvvvvvvvvvvvvvvvvvvvvvvvvvvvvvv
    (int-ops:200, fp-ops:301)
    (branches:100)
      peephole-ops:0
